
----------
message 5:
----------
pose: 
  x: 8.244084358215332
  y: 3.6495163440704346
  theta: 1.503999948501587
  linear_velocity: 0.0
  angular_velocity: 0.0
color: 
  r: 179
  g: 184
  b: 255
twist: 
  linear: 
    x: 0.0
    y: 0.0
    z: 0.0
  angular: 
    x: 0.0
    y: 0.0
    z: 0.0
===========

